x1, y1,    x2,  y2,   x3, y3,   x4,  y4,
574,280,   1899,280,   560,1576,   1886,1575,
559,1705,   1884,1704,   551,3000,   1876,2999,

573,285,   1896,282,   560,1580,   1885,1578,
559,1709,   1883,1707,   554,3005,   1877,3002,

577,283,   1900,282,   563,1578,   1887,1578,
561,1707,   1886,1706,   554,3003,   1878,3002,

590,284,   1909,285,   574,1580,   1895,1580,
573,1708,   1894,1709,   584,3004,   1883,3005,

587,284,	1903,282,	574,1579,	1892,1577,
572,1708,	1890,1706,	565,3003,	1883,3001

